3.63464e-05
6.16245e-05
0.000101874
0.000156018
0.000223771
0.000305046
0.000399799
0.000507992
0.000629582
0.000764519
0.000912752
0.00107422
0.00124885
0.00143659
0.00163737
0.00185109
0.0020777
0.0023171
0.0025692
0.00283393
0.00311117
0.00340085
0.00370285
0.00401708
0.00434343
0.00468178
0.00503203
0.00539407
0.00576776
0.006153
0.00654965
0.00695759
0.0073767
0.00780683
0.00824786
0.00869964
0.00916204
0.00963493
0.0101181
0.0106116
0.011115
0.0116284
0.0121514
0.0126841
0.0132263
0.0137777
0.0143382
0.0149077
0.0154861
0.0160731
0.0166686
0.0172724
0.0178844
0.0185044
0.0191323
0.0197679
0.020411
0.0210614
0.0217191
0.0223838
0.0230554
0.0237338
0.0244186
0.0251099
0.0258074
0.026511
0.0272206
0.0279359
0.0286568
0.0293831
0.0301148
0.0308516
0.0315933
0.03234
0.0330913
0.0338472
0.0346074
0.035372
0.0361406
0.0369132
0.0376897
0.0384698
0.0392535
0.0400406
0.040831
0.0416246
0.0424212
0.0432207
0.044023
0.0448279
0.0456354
0.0464453
0.0472574
0.0480718
0.0488882
0.0497066
0.0505269
0.0513488
0.0521724
0.0529976