2.93021e-05
8.93199e-05
0.000184351
0.00031301
0.0004727
0.000660331
0.000872657
0.00110654
0.00135914
0.0016281
0.00191156
0.0022082
0.00251716
0.00283792
0.00317023
0.00351392
0.00386889
0.004235
0.00461208
0.00499994
0.00539837
0.00580714
0.00622607
0.00665496
0.00709366
0.00754197
0.00799972
0.0084667
0.0089427
0.0094275
0.00992089
0.0104227
0.0109326
0.0114505
0.0119762
0.0125096
0.0130503
0.0135982
0.014153
0.0147146
0.0152827
0.0158571
0.0164376
0.0170241
0.0176162
0.0182138
0.0188167
0.0194248
0.0200379
0.0206558
0.0212785
0.0219057
0.0225375
0.0231737
0.0238142
0.0244592
0.0251084
0.0257621
0.0264202
0.0270828
0.02775
0.0284218
0.0290985
0.0297801
0.0304667
0.0311582
0.0318548
0.0325563
0.0332627
0.0339738
0.0346894
0.0354093
0.0361332
0.0368609
0.037592
0.0383263
0.0390634
0.0398032
0.0405453
0.0412897
0.0420362
0.0427846
0.043535
0.0442873
0.0450415
0.0457975
0.0465554
0.0473151
0.0480767
0.0488401
0.0496053
0.0503722
0.0511408
0.051911
0.0526827
0.053456
0.0542308
0.055007
0.0557845
0.0565634