2.43761e-05
6.0473e-05
0.000112426
0.000181407
0.000267809
0.000371734
0.000493157
0.000631991
0.000788111
0.000961363
0.00115157
0.00135855
0.00158209
0.00182197
0.00207794
0.00234977
0.00263718
0.00293991
0.00325767
0.00359018
0.00393714
0.00429823
0.00467315
0.00506159
0.00546321
0.0058777
0.00630473
0.00674396
0.00719507
0.00765773
0.00813161
0.00861639
0.00911175
0.00961737
0.0101329
0.0106582
0.0111928
0.0117364
0.0122888
0.0128498
0.013419
0.0139961
0.014581
0.0151734
0.015773
0.0163797
0.0169932
0.0176133
0.0182399
0.0188727
0.0195116
0.0201565
0.0208071
0.0214633
0.0221251
0.0227922
0.0234645
0.024142
0.0248245
0.0255119
0.0262041
0.0269011
0.0276027
0.0283089
0.0290196
0.0297346
0.0304541
0.0311777
0.0319056
0.0326376
0.0333736
0.0341136
0.0348576
0.0356053
0.0363569
0.0371121
0.0378709
0.0386333
0.0393992
0.0401685
0.0409411
0.0417169
0.0424959
0.043278
0.044063
0.044851
0.0456417
0.0464352
0.0472313
0.04803
0.048831
0.0496344
0.0504401
0.0512479
0.0520577
0.0528695
0.0536831
0.0544984
0.0553153
0.0561338