0.000222587
0.000226655
0.000236635
0.000255845
0.000287185
0.000332307
0.000391593
0.000464653
0.000550831
0.000649485
0.000760078
0.000882193
0.00101551
0.00115978
0.00131482
0.00148046
0.00165658
0.00184308
0.00203986
0.00224683
0.00246392
0.00269105
0.00292816
0.00317519
0.00343205
0.00369871
0.00397508
0.00426112
0.00455675
0.00486192
0.00517656
0.00550061
0.00583401
0.00617669
0.00652859
0.00688964
0.00725977
0.00763891
0.008027
0.00842397
0.00882975
0.00924426
0.00966743
0.0100992
0.0105395
0.0109882
0.0114453
0.0119106
0.0123842
0.0128659
0.0133556
0.0138533
0.0143589
0.0148723
0.0153934
0.0159221
0.0164584
0.0170021
0.0175532
0.0181115
0.0186771
0.0192497
0.0198293
0.0204159
0.0210092
0.0216093
0.022216
0.0228293
0.023449
0.024075
0.0247072
0.0253456
0.0259901
0.0266405
0.0272967
0.0279586
0.0286262
0.0292994
0.029978
0.0306618
0.0313509
0.032045
0.0327442
0.0334482
0.034157
0.0348705
0.0355886
0.0363111
0.037038
0.0377692
0.0385046
0.039244
0.0399873
0.0407346
0.0414856
0.0422402
0.0429984
0.04376
0.0445249
0.0452931