2.62271e-05
7.28064e-05
0.000144542
0.000242136
0.000365319
0.000513486
0.000685843
0.000881472
0.00109936
0.00133841
0.00159751
0.0018755
0.00217123
0.00248356
0.00281142
0.00315376
0.00350962
0.00387813
0.0042585
0.00465002
0.00505211
0.00546425
0.00588602
0.00631708
0.00675717
0.00720608
0.00766364
0.00812973
0.00860427
0.00908717
0.00957836
0.0100778
0.0105854
0.011101
0.0116247
0.0121562
0.0126956
0.0132426
0.0137972
0.0143593
0.0149287
0.0155053
0.016089
0.0166796
0.0172771
0.0178813
0.0184921
0.0191094
0.019733
0.0203628
0.0209986
0.0216404
0.0222879
0.022941
0.0235996
0.0242635
0.0249325
0.0256065
0.0262853
0.0269687
0.0276565
0.0283487
0.0290449
0.0297451
0.030449
0.0311565
0.0318674
0.0325815
0.0332986
0.0340186
0.0347412
0.0354664
0.0361939
0.0369237
0.0376554
0.0383892
0.0391247
0.0398619
0.0406008
0.0413412
0.0420832
0.0428268
0.0435718
0.0443184
0.0450667
0.0458166
0.0465683
0.0473219
0.0480775
0.0488352
0.0495952
0.0503576
0.0511226
0.0518903
0.0526609
0.0534345
0.0542111
0.054991
0.0557741
0.0565605