0.00499867
0.00499865
0.00499861
0.00499855
0.00499848
0.00499839
0.00499828
0.00499816
0.00499802
0.00499787
0.0049977
0.00499751
0.00499731
0.00499709
0.00499686
0.0049966
0.00499634
0.00499605
0.00499575
0.00499544
0.00499511
0.00499476
0.00499439
0.00499401
0.00499362
0.0049932
0.00499277
0.00499233
0.00499187
0.00499139
0.0049909
0.00499039
0.00498986
0.00498932
0.00498876
0.00498819
0.0049876
0.00498699
0.00498637
0.00498573
0.00498507
0.0049844
0.00498371
0.00498301
0.00498229
0.00498155
0.0049808
0.00498004
0.00497925
0.00497845
0.00497764
0.0049768
0.00497596
0.00497509
0.00497421
0.00497332
0.0049724
0.00497148
0.00497053
0.00496957
0.0049686
0.0049676
0.00496659
0.00496557
0.00496453
0.00496347
0.0049624
0.00496131
0.00496021
0.00495909
0.00495796
0.0049568
0.00495564
0.00495445
0.00495325
0.00495204
0.00495081
0.00494956
0.0049483
0.00494702
0.00494572
0.00494441
0.00494309
0.00494175
0.00494039
0.00493901
0.00493763
0.00493622
0.0049348
0.00493336
0.00493191
0.00493044
0.00492896
0.00492746
0.00492595
0.00492441
0.00492287
0.00492131
0.00491973
0.00491814