5.03519e-05
5.03223e-05
5.0273e-05
5.0204e-05
5.01153e-05
5.00071e-05
4.98793e-05
4.97321e-05
4.95656e-05
4.93798e-05
4.91749e-05
4.8951e-05
4.87084e-05
4.84471e-05
4.81673e-05
4.78694e-05
4.75535e-05
4.72198e-05
4.68687e-05
4.65005e-05
4.61155e-05
4.5714e-05
4.52966e-05
4.48636e-05
4.44155e-05
4.39529e-05
4.34764e-05
4.29865e-05
4.24839e-05
4.19695e-05
4.1444e-05
4.14408e-05
4.14376e-05
4.14343e-05
4.14309e-05
4.14275e-05
4.1424e-05
4.14204e-05
4.14168e-05
4.14132e-05
4.14095e-05
4.14057e-05
4.14019e-05
4.13981e-05
4.13942e-05
4.13903e-05
4.13864e-05
4.13825e-05
4.13785e-05
4.13745e-05
4.13706e-05
4.13666e-05
4.13626e-05
4.13586e-05
4.13546e-05
4.13507e-05
4.13467e-05
4.13428e-05
4.13389e-05
4.13351e-05
4.13312e-05
4.13275e-05
4.13237e-05
4.13201e-05
4.13165e-05
4.13129e-05
4.13094e-05
4.1306e-05
4.13027e-05
4.12995e-05
4.12964e-05
4.12933e-05
4.12904e-05
4.12876e-05
4.12849e-05
4.12823e-05
4.12799e-05
4.12776e-05
4.12755e-05
4.12735e-05
4.12716e-05
4.127e-05
4.12685e-05
4.12671e-05
4.1266e-05
4.12651e-05
4.12644e-05
4.12638e-05
4.12636e-05
4.12635e-05
4.12636e-05
4.1264e-05
4.12647e-05
4.12656e-05
4.12668e-05
4.12682e-05
4.12699e-05
4.12719e-05
4.12742e-05
4.12769e-05