0.00125676
0.00125673
0.00125668
0.00125662
0.00125654
0.00125644
0.00125632
0.00125619
0.00125603
0.00125586
0.00125567
0.00125546
0.00125523
0.00125499
0.00125473
0.00125445
0.00125415
0.00125383
0.00125349
0.00125314
0.00125277
0.00125238
0.00125197
0.00125155
0.0012511
0.00125064
0.00125016
0.00124967
0.00124915
0.00124862
0.00124807
0.0012475
0.00124691
0.00124631
0.00124568
0.00124504
0.00124439
0.00124371
0.00124302
0.0012423
0.00124158
0.00124083
0.00124006
0.00123928
0.00123848
0.00123766
0.00123683
0.00123597
0.0012351
0.00123422
0.00123331
0.00123239
0.00123145
0.00123049
0.00122951
0.00122852
0.00122751
0.00122648
0.00122544
0.00122438
0.0012233
0.0012222
0.00122109
0.00121996
0.00121881
0.00121764
0.00121646
0.00121526
0.00121405
0.00121281
0.00121157
0.0012103
0.00120902
0.00120772
0.0012064
0.00120507
0.00120372
0.00120235
0.00120097
0.00119957
0.00119815
0.00119672
0.00119527
0.00119381
0.00119232
0.00119083
0.00118931
0.00118778
0.00118624
0.00118468
0.0011831
0.00118151
0.0011799
0.00117827
0.00117663
0.00117498
0.00117331
0.00117162
0.00116992
0.0011682