1.25812e-05
1.25513e-05
1.25016e-05
1.24321e-05
1.23431e-05
1.22348e-05
1.21075e-05
1.19616e-05
1.19611e-05
1.19605e-05
1.19599e-05
1.19592e-05
1.19584e-05
1.19576e-05
1.19567e-05
1.19558e-05
1.19549e-05
1.19539e-05
1.19529e-05
1.19518e-05
1.19507e-05
1.19496e-05
1.19485e-05
1.19473e-05
1.19461e-05
1.1945e-05
1.19438e-05
1.19426e-05
1.19414e-05
1.19402e-05
1.1939e-05
1.19379e-05
1.19368e-05
1.19357e-05
1.19346e-05
1.19336e-05
1.19326e-05
1.19317e-05
1.19309e-05
1.19301e-05
1.19294e-05
1.19288e-05
1.19282e-05
1.19278e-05
1.19275e-05
1.19272e-05
1.19272e-05
1.19272e-05
1.19274e-05
1.19277e-05
1.19282e-05
1.19288e-05
1.19296e-05
1.19306e-05
1.19318e-05
1.19332e-05
1.19348e-05
1.19366e-05
1.19386e-05
1.19409e-05
1.19435e-05
1.19462e-05
1.19493e-05
1.19527e-05
1.19563e-05
1.19602e-05
1.19645e-05
1.19691e-05
1.1974e-05
1.19793e-05
1.19849e-05
1.19909e-05
1.19972e-05
1.2004e-05
1.20112e-05
1.20188e-05
1.20268e-05
1.20352e-05
1.20441e-05
1.20535e-05
1.20633e-05
1.20737e-05
1.20845e-05
1.20959e-05
1.21077e-05
1.21201e-05
1.21331e-05
1.21466e-05
1.21607e-05
1.21754e-05
1.21907e-05
1.22066e-05
1.22231e-05
1.22403e-05
1.22581e-05
1.22765e-05
1.22957e-05
1.23155e-05
1.2336e-05
1.23572e-05