0.0195467
0.0195467
0.0195467
0.0195466
0.0195466
0.0195465
0.0195464
0.0195463
0.0195462
0.0195461
0.019546
0.0195458
0.0195456
0.0195455
0.0195453
0.0195451
0.0195449
0.0195447
0.0195444
0.0195442
0.0195439
0.0195436
0.0195433
0.019543
0.0195427
0.0195424
0.0195421
0.0195417
0.0195413
0.019541
0.0195406
0.0195402
0.0195397
0.0195393
0.0195389
0.0195384
0.019538
0.0195375
0.019537
0.0195365
0.019536
0.0195354
0.0195349
0.0195343
0.0195337
0.0195332
0.0195326
0.019532
0.0195313
0.0195307
0.0195301
0.0195294
0.0195287
0.019528
0.0195273
0.0195266
0.0195259
0.0195252
0.0195244
0.0195237
0.0195229
0.0195221
0.0195213
0.0195205
0.0195196
0.0195188
0.019518
0.0195171
0.0195162
0.0195153
0.0195144
0.0195135
0.0195126
0.0195116
0.0195107
0.0195097
0.0195087
0.0195077
0.0195067
0.0195057
0.0195047
0.0195036
0.0195026
0.0195015
0.0195004
0.0194993
0.0194982
0.0194971
0.019496
0.0194948
0.0194937
0.0194925
0.0194913
0.0194901
0.0194889
0.0194877
0.0194865
0.0194852
0.019484
0.0194827