0.000201392
0.000201363
0.000201315
0.000201247
0.00020116
0.000201054
0.000200928
0.000200783
0.000200619
0.000200436
0.000200233
0.000200012
0.000199771
0.000199511
0.000199232
0.000198934
0.000198618
0.000198282
0.000197927
0.000197554
0.000197162
0.000196751
0.000196322
0.000195874
0.000195408
0.000194924
0.000194421
0.0001939
0.000193361
0.000192805
0.00019223
0.000191638
0.000191028
0.0001904
0.000189756
0.000189094
0.000188415
0.000187719
0.000187006
0.000186277
0.000185532
0.00018477
0.000183992
0.000183198
0.000182389
0.000181564
0.000180724
0.000179869
0.000179
0.000178116
0.000177218
0.000176305
0.00017538
0.000174441
0.000173488
0.000172524
0.000171547
0.000170558
0.000169557
0.000168545
0.000167523
0.00016649
0.000165447
0.000164394
0.000163333
0.000162263
0.000161186
0.000160101
0.000159009
0.000157911
0.000156808
0.0001557
0.000154588
0.000153472
0.000152353
0.000151233
0.000150112
0.00014899
0.00014787
0.00014675
0.000145634
0.000144521
0.000143413
0.000142311
0.000141216
0.000140129
0.000139051
0.000137984
0.00013693
0.000135889
0.000134863
0.000133853
0.000132862
0.00013189
0.00013094
0.000130012
0.00012911
0.000128234
0.000127387
0.00012657