0.00176874
0.00305382
0.00443529
0.00584236
0.00725775
0.00867528
0.0100921
0.0115068
0.0129185
0.0143264
0.0157302
0.0171295
0.018524
0.0199135
0.0212977
0.0226765
0.0240495
0.0254168
0.026778
0.028133
0.0294816
0.0308237
0.0321591
0.0334876
0.0348091
0.0361235
0.0374306
0.0387302
0.0400222
0.0413066
0.042583
0.0438514
0.0451117
0.0463638
0.0476074
0.0488426
0.0500691
0.0512868
0.0524956
0.0536955
0.0548863
0.0560678
0.05724
0.0584028
0.0595561
0.0606998
0.0618337
0.0629579
0.0640721
0.0651764
0.0662706
0.0673546
0.0684284
0.069492
0.0705451
0.0715878
0.07262
0.0736416
0.0746526
0.0756529
0.0766425
0.0776212
0.0785891
0.0795461
0.0804922
0.0814273
0.0823513
0.0832643
0.0841662
0.085057
0.0859366
0.0868051
0.0876623
0.0885082
0.0893429
0.0901664
0.0909785
0.0917793
0.0925687
0.0933469
0.0941136
0.094869
0.0956131
0.0963457
0.097067
0.0977768
0.0984753
0.0991623
0.099838
0.100502
0.101155
0.101797
0.102427
0.103045
0.103653
0.104248
0.104833
0.105406
0.105968
0.106518