0.00153547
0.00306667
0.00459249
0.00611205
0.00762468
0.00912986
0.0106272
0.0121166
0.0135978
0.0150709
0.0165358
0.0179924
0.0194408
0.0208808
0.0223124
0.0237354
0.0251498
0.0265555
0.0279524
0.0293405
0.0307196
0.0320898
0.0334511
0.0348032
0.0361463
0.0374802
0.0388048
0.0401202
0.0414262
0.0427228
0.04401
0.0452878
0.046556
0.0478147
0.0490639
0.0503034
0.0515334
0.0527537
0.0539643
0.0551653
0.0563566
0.0575382
0.0587102
0.0598724
0.0610249
0.0621677
0.0633008
0.0644242
0.0655377
0.0666416
0.0677356
0.0688197
0.0698941
0.0709585
0.072013
0.0730575
0.0740919
0.0751163
0.0761304
0.0771342
0.0781275
0.0791104
0.0800826
0.0810441
0.0819947
0.0829344
0.083863
0.0847805
0.0856869
0.086582
0.087466
0.0883388
0.0892004
0.0900509
0.0908904
0.0917189
0.0925364
0.0933429
0.0941386
0.0949233
0.0956972
0.0964602
0.0972122
0.0979532
0.0986832
0.099402
0.10011
0.100806
0.101492
0.102166
0.102829
0.103481
0.104121
0.10475
0.105369
0.105975
0.106571
0.107156
0.107729
0.108291