0.00151833
0.00300195
0.00448928
0.00745586
0.00597438
0.00893308
0.0104056
0.0118731
0.0133354
0.014792
0.0162428
0.0176876
0.019126
0.0205579
0.0219831
0.0234013
0.0248123
0.0262159
0.027612
0.0290003
0.0303807
0.031753
0.0331171
0.0344727
0.0358198
0.0371582
0.0384878
0.0398083
0.0411198
0.0424222
0.0437152
0.0449989
0.0462732
0.0475379
0.0487931
0.0500387
0.0512745
0.0525006
0.0537168
0.0549231
0.0561195
0.0573059
0.0584822
0.0596485
0.0608047
0.0619507
0.0630865
0.0642121
0.0653274
0.0664325
0.0675272
0.0686116
0.0696856
0.0707491
0.0718022
0.0728448
0.0738768
0.0748983
0.0759091
0.0769093
0.0778988
0.0788776
0.0798456
0.0808028
0.0817492
0.0826847
0.0836092
0.0845228
0.0854254
0.0863169
0.0871974
0.0880667
0.0889249
0.089772
0.0906078
0.0914324
0.0922458
0.0930479
0.0938387
0.0946181
0.0953862
0.096143
0.0968884
0.0976224
0.0983451
0.0990563
0.0997562
0.100445
0.101122
0.101787
0.102442
0.103085
0.103716
0.104336
0.104945
0.105543
0.106129
0.106704
0.107268
0.10782