0.00433311
0.00482251
0.00558508
0.00652361
0.00757104
0.00868633
0.00984486
0.0110315
0.0122368
0.0134544
0.0146801
0.0159107
0.0171442
0.018379
0.0196137
0.0208473
0.0220793
0.0233087
0.0245353
0.0257584
0.0269778
0.028193
0.0294039
0.03061
0.0318113
0.0330074
0.0341982
0.0353834
0.036563
0.0377366
0.0389042
0.0400657
0.0412208
0.0423694
0.0435114
0.0446466
0.045775
0.0468964
0.0480106
0.0491176
0.0502173
0.0513094
0.052394
0.0534709
0.05454
0.0556011
0.0566543
0.0576993
0.0587361
0.0597646
0.0607846
0.0617962
0.0627991
0.0637934
0.0647788
0.0657553
0.0667229
0.0676814
0.0686307
0.0695708
0.0705016
0.071423
0.0723349
0.0732372
0.0741299
0.0750129
0.0758861
0.0767494
0.0776028
0.0784461
0.0792794
0.0801025
0.0809154
0.0817181
0.0825103
0.0832922
0.0840636
0.0848245
0.0855748
0.0863108
0.0870362
0.087751
0.0884552
0.0891487
0.0898315
0.0905035
0.0911648
0.0918152
0.0924548
0.0930834
0.0937012
0.094308
0.0949038
0.0954886
0.0960623
0.096625
0.0971767
0.0977172
0.0982466
0.098764