0.00152677
0.00304901
0.00456695
0.00607992
0.00758741
0.00908892
0.010584
0.0120723
0.0135534
0.0150271
0.016493
0.0179509
0.0194007
0.0208422
0.0222752
0.0236997
0.0251156
0.0265228
0.0279213
0.0293111
0.030692
0.0320641
0.0334274
0.0347816
0.0361269
0.0374631
0.0387902
0.0401081
0.0414167
0.042716
0.0440058
0.0452862
0.046557
0.0478181
0.0490696
0.0503113
0.0515432
0.0527653
0.0539775
0.0551797
0.056372
0.0575543
0.0587266
0.0598888
0.0610408
0.0621827
0.0633145
0.064436
0.0655472
0.0666482
0.0677388
0.0688192
0.0698892
0.0709488
0.071998
0.0730369
0.0740653
0.0750834
0.076091
0.0770883
0.0780752
0.0790517
0.0800179
0.0809737
0.0819191
0.0828543
0.0837792
0.0846938
0.0855982
0.0864924
0.0873765
0.0882504
0.0891143
0.089968
0.0908118
0.0916456
0.0924694
0.0932832
0.0940871
0.094881
0.095665
0.096439
0.097203
0.0979569
0.0987007
0.0994343
0.100158
0.100871
0.101573
0.102265
0.102947
0.103617
0.104277
0.104925
0.105562
0.106188
0.106803
0.107405
0.107997
0.108576